"Sebenernya iklim itu berubah karna ulah manusia juga. Makanya kita harus jaga lingkungan sedini mungkin. Jangan nebang pohon sembarangan dan buang smapah sembarangan";"Menerapkan aturan yang tegas tentang pencemaran lingkungan yang berdampak pada perubahan iklim";"Perubahan iklim yang terjadi sekarang bisa saja diakibatkan oleh banyaknya perumahan atau gedung-gedung dan semakin sedikitnya lahan perkebunan hutan sebagai pelindung, sehingga menyebabkan iklim tidak menentu";"Pengelolaan area terbuka hijau";"Peran pemerintah adalam menyikapi perubahan iklim harus mrnyertakan dan melibatkan peran swasta serta masyarakat dng mengeluarkan peraturan pemerintah dan bersifat mengikat";"Menyediakan banyak tempat kesehatan karena biasanya saat perubahan iklim banyak masyarakat yang terjangkit penyakit";"Tidak usah ngapa ngapain tidak berguna";"Pemerintah harus siap ketika perubahan iklim terjadi mungkin bisa saja cuaca buruk tdk terduga terjadi pemerintah harus siap dan waspada agar bisa menanggulangi semua nya";"Mulai memperbaiki ekosisten di laut dan hutan hutan yang sudah mulai rusak dan melarang area itu dirusak oleh manusia.";"memberitahu informasi iklim secara akurat";"Perubahan iklim mempengaruhi kesejahteraan penduduk. Pemerintah harus secara cepat menerapkan strategi untuk mengatasi perubahan iklim";"Membuat kebijakan yang mudah dipahami dan dilaksanakan masyarakat, melakukan penyuluhan tentang penyebab dan dampak perubahan iklim. Menumbuhkan kesadaran masyarakat secara sederhana bisa dimulai dari lingkup pendidikan dasar.";"Pemerintah harus tanggap akan berubahnya iklim yang terjadi, dikarenakan iklim juga sangat berpengaruh terhadap kehidupan sehari hari dari masyarakat.";"Mengurangi pemanasan global";"Perubahan iklim terjadi secara alami. Manusia bisa menyiasatinya dengan menjaga kebersihan sungai san menanam pohon.";"Tambah taman kota sebanyak banyaknya\n Kurangi polusi udara";"Memberikan penyuluhan kepada masyarakat luas tentang efek dari perubahan iklim";"Harus siap dengan cuaca yang tidak bisa d prediksi,penanaman pohon harus d perbanyak untuk mengurangi iklim panas yang datang";"Perubahan iklim adalah sebuah realita yang tidak bisa kita sangkal, sejalan dengan berkembangnya kegiatan manusia dan segala akibatnya terhadap lingkungan. \n Pemerintah Indonesia harus menyusun dan menegakkan regulasi yang berkaitan dengan lingkungan, serta memberikan edukasi yang merata kepada seluruh lapisan masyarakat mengenai pentingnya pengetahuan tentang perubahan iklim.";"Langkah global pertama yang dilakukan dalam rangka mengatasi perubahan iklim adalah dengan cara menggunakan sumber energi yang terbarukan dan lebih ramah lingkungan. Hingga saat ini sudah mulai banyak perumahan dan apartemen yang berada pada kota – kota besar mulai mengandalkan dan memasang panel surya untuk mengurangi penggunaan dan beban listrik pada tempat tinggal mereka.\n \n Banyak pabrik – pabrik besar juga yang mulai mengalihkan sumber energi yang digunakan agar menjadi lebih ramah lingkungan dan tidak menghasilkan emisi gas buang yang berbahaya bagi lingkungan.";"Perubahan iklim nampaknya semakin terasa nyata di sekeliling kita. Pemerintah Indonesia terus berupaya mengendalikan perubahan iklim tersebut.";"Mengurangi efek rumah kaca dan meminimalisir kendaraan bermotor";"Pertama adalah tindak tegas pendiri pabrik ilegal yang menjadikan lahan tanam pohon dijadikan industri.jadi harus dibatasi,dan gerakan reboisasi harus ditingkatkan juga pembersihan sungai harus dimulai dari sekarang.karena seringnya banjir di daerah saya.jadi sungai itu harus diperlebar dan dikeruk tanahnya agar rapi dan tidak banjir.";"Jangan tebang pohon sembarangan, sebelum pohon benar benar tua atau sudah rapuh";"Yang harus dilakukan pemerintah adalah melakukan pencegahan jika sewaktu waktu ada perubahan iklim";"Mengurangi polusi pabrik dan memperbanyak lahan hijau";"Membuat solusi untuk menjaga lingkungan dan alam sekitar";"Pemerintah Indonesia harus mengerahkan sumber daya yang dimiliki dengan usaha yang keras dan terpadu untuk menghandle perubahan iklim karena hal tersebut menyangkut hajat hidup rakyat Indonesia untuk diberikan perlindungan yang setara dan inklusif..";"memberikan informasi pada berita tentang iklam yang akan terjadi\n ";"Membuat kebijakan tentang ramah lingkungan, menjaga kelestarian lingkungan";"Mengurangi limbah pabrik";"lebih banyak taman kota dan pohon";"Selalu update dalam perubahannya";"Memberikan simulasi terkait iklim yang tak terduga sebagai langkah antisipasi";"Pemerintah seharusnya lebih pro aktif berperan dalam issue ini. Memberikan alternatif pada masyarakat untuk mendukung pencegahan atau minimalisasi efek dari perubahan iklim";"Mengganti batu bara dengan energi terbaru seperti panel surya";"Tidak tahu";"Pemerintah harus melakukan suatu kebijakan terkait yang bersifat tegas untuk membuat masyarakat ikut serta dalam perubahan iklim di indonesia";"Mempersiapkan tanggap darurat, memperbaiki infrastruktur";"Meninjau ulang regulasi";"Sebenarnya saya lebih setuju tentang perogram peduli lingkungan, penanaman hutan kembali, pemanfaatan tanaman mangrove untuk penahan banjir dan perbaikan ekosistem air. Dan terlebih lagi perogram swasembada pangan. dengan ekosistem yg terjaga, maka akan berdampak pada perbaikan cuaca. Dan perbaikan bumi untuk 100 bahkan 1000 tahun lagi";"Rumah hijau";"harus lebih aware dan fokus dalam menangani iklim terutama bnyknya hutan yg terbakar itu sangat berpengaruh";"kurangi kendaraan biar tidak banyak pulusi.";"Lakukan program program untuk penghijauan serta kurangi dampak polusi";"Pemerintah Indonesia haruslah lebih memfokuskan diri terhadap perubahan iklim yang kian memburuk mulai dari pembatasan pembangunan pabrik yang menggunakan energi batubara yang menyebabkan polusi udara yang sangat banyak, serta mulai menerapkan kebijakan ramah lingkungan mulai dari kehidupan sehari-hari";"Pemerintah harus membuat peraturan dan perundang-undangan yang ketat terhadap pengelolaan lingkungan yang sangat berpotensi mempengaruhi perubahan iklim. Dlam hal ini pemerintah harus membuat regulasi dan hukum yang pasti pada setiap individu maupun golongan yang menjadi objek hukum. Peraturan yang memberikan kepastian hukum ada setiap warga negara dan yang pasti harus memiliki efek jera pada oknum yang melanggar.";"Batasi penebangan hutan, batasi pemilikan kendaraan";"berharap pemerintah bisa memberi perhatian untuk masalah tersebut";"Lebih menjaga kelestarian alam.";"Pemerintah harus memperbanyak penanaman pohon pohon ditempat yg banyak polusi udara. Rutin membersihkan got dan selokan air dari sampah sampah.";"Lebih memerhatikan dampak dari perubahan iklim sehingga risiko dapat ditanggulangi";"memperbanyak transportasi umum agar jumlah kendaraan bermotor bisa berkurang sekaligus mengurangi kemacetan, memperbanyak ruang terbuka hijau";"saya tidak tahu";"polusi udara";"PEMERINTAH INDONESIA PERLU MELAKUKAN KONSERVASI LINGKUNGAN (YG PALING DI RASAKAN ADALAH SAMAPAH PLASTIK ,KETERSEDIAN AIR BERSIH DAN AIR UNTUK PERTANIAN YG SEMAKIN HARI SEMAKIN PARAH) SELAIN ITU PEMERINTAH HRS LEBIH PEDULI DGN ISU LINGKUNGAN SERTA MEMBERIKAN EDUKASI YG LEBIH KE GENERASI MUDA AGARSEMAKIN PEDULI DENGAN LINGKUNGAN. SERTA PEMERINTAH JG HRS MENDORONG SEKTOR INDUSTRI UNTUK LEBIH PEDULI DENGAN LINGKUNGAN";"Menurut pendapat saya pemerintah seharusnya lebih siap dengan pengaruh perubahan iklim di Indonesia ini, karena memang iklim di Indonesia ini semakin susah ditebak dan mulai sangat ekstrim menurut saya, pemerintah seharusnya melakukan upaya untuk menanggulangi masalah ini seperti menyediakan tempat pengungsian yg layak dan juga dana bantuan yg mencukupi rakyat, karena kita harus lebih pintar lagi dalam membaca situasi alam karena lebih baik kita mengantisipasi atau meminimalisir datangnya bencana dari pada bertindak setelah kejadian terjadi. sekiranya hanya segitu yang dapat saya sampaikan kurang lebihnya mohon maaf";"Pertimbangan saya terhadap perubahan iklim,  bagaimana dengan penghasilan ladang atau sawah nanti,  jika perubahan iklim cenderung tidak menentu,  dan penambahan polusi, kepanasan/kegerahan maupun kebanjiran yang mungkin saja terjadi jika terus menerus turun hujan.  Menurut saya yang harus dilakukan pemerintah terhadap perubahan iklim memberikan informasi akurat terhadap prakiraan iklim atau cuaca,  membangun saluran air,  dan tegas terhadap masyarakat yang membuang sampah ke sungai atau mencemari lingkungan yang menambah permasalahan iklim.";"mengurangi jejak karbon dan banyak menggunakan energi berkelanjutan dan menggunakan pelayanan yang ramah lingkungan";"Mengenai negara saya masih banyak yang harus diperhatikan dari segi bantuan ekonomi untuk rakyat kecil tdk sampai pada tujuannya";"Rmh hijau";"Mengurangi sampah";"mencegah";"Nanam pohon";"Pemerintah dan warga harus bekerjasama untuk penghijauan";"Seharusnya pemerintah bisa membuat kebijakan tentang pengurangan polusi industri";"iya";"sangat buruk ya, semoga cepat teratasi";"Harus segera menindaklanjuti karena sering terjadi banjir di kala musim hujan";"Tiba-tiba bisa sangat panas, tiba tiba dingin hingga langsung demam.";"Melakukan atau menindak pabrik di semua sektor yang memproduksi limbah yang merusak lingkungan dan memberi aturan yang tegas tanpa pandang bulu";"Terkait perubahan iklim pemerintah harus lebih memperhatikan rakyat kecil yg masih kekurangan tmpat tinggal";"Melakukan reboisasi, penanaman phon kembali di area hutan yng kosong, pengurangn rumah kaca";"Jangan menebang pohon sembarangan, dan melakukan penghijauan";"Mengatasi dengan meminimalisir kendaraan yang sudah tua atau kendaraan yang sudah tidak layak untuk dipakai karena dapat membuat pemanasan global dan jangan ada penebangan hutan secara ilegal karena dapat merusak lingkungan dapat membuat iklim terasa panas dan tidak ada nya oksigen bagi bumi";"Menghentikan peningkatan suhu bumi";"Harus mempersiapkan diri dalam menghadapi oerubahan iklim";"Perubahan iklim ekstrim kini adalah isu besar di dunia. Perubahan iklim secara tidak langsung mempengaruhi seluruh aspek kehidupan manusia dan bahkan berpotensi menggangu jalannya kehidupan mahluk hidup. \n \n Yang harusd ilakukan pemerintah Indonesia terkait perubahan iklim adalah memberikan penyuluhan dan membagi pengetahuan bagi para masyarakat agar kita bisa meningkatkan kesadaran terhadap pentingnya menjaga lingkungan (jadi tidak terjadi perubahan iklim ekstrim)";"Untuk tahap pertama meningkatkan kesadaran diri tentang lingkungan terdekat terlebih dahulu, yaitu kepedulian pengelolaan sampah. Ketika awarreness tentang sampah terbangun, lalu masyarakat mulai melaksanakan aksi mengelola sampahnya sendiri, mulai dari memilah hingga memanfaatkan ulang, maka kesadaran tentang lingkungan dalam skala yang lebih besar bisa dimasukkan. Misalnya, kesadaran tentang bahaya karbon untuk atmosfer bumi atau isu perubahan iklim besar lainnya.\n Bagi saya, gerakan untuk memunculkan sensitifitas tentang perubahan iklim harus dimulai dari hal kecil di sekitar kita. Peduli diri sama dengan peduli bumi";"harus bergerak cepat dan melibatkan semua komponen masyarakat maupun pemimpin";"mengurangi emisi gas rumah kaca dengan lebih banyak melakukan penghijauan baik di daerah perkotaan maupun pedesaan dan juga dengan lebih tegas pada perusahaan yang melakukan perusakan lingkungan baik bersifat lokal maupun nasional";"Harus lebih siap menghadapi pandemi lagi";"Perubhaan iklim dalam bisang usaha, sekarang banyak yang beralih kepada bidang online dan membuka usaha kecil-kecilan di rumah, pemerintah lebih memperhatikan pengusaha kecil dan mendukung barang-barang hasil industri dari dalam negeri";"Global warming";"memperbaiki dan meningkatkan kualitas dan kenyamanan transportasi umum agar penggunaan kendaraan pribadi berkurang\n mulai beralih kepada energi terbarukan seperti panel surya\n tidak melakukan alih fungsi lahan baik hutan maupun pertanian\n melakukan perencanaan pembangunan berkelanjutan\n gencar melakukan sosialisasi terkait perubahan iklim dan cara cara mengatasinya";"mendorong industri untuk melakukan gerakan mengurangi polusi yang ditimbulkan. Bisa juga dengan cara membangun infrastruktur dan kendaraan umum yang baik sehingga masyarakat lebih nyaman menggunakan kendaraan umum";"perubahan iklim harus menjadi prioritas utama pemerintah\n krn menunjukkan keseriusan pemerintah untuk melindungi rakyat dan sumber daya yang tersedia di indonesia,\n jangan hanya mengedepankan politik dan ekonomi yang mencari keuntungan sebanyaknya untuk pihak tertentu aja\n indonesia harus berinvestasi lebih guna mempersiapkan diri menghadapi perubahan iklim";"Perbanyak Tanaman Bunga Taman Kota, Lebih memperhatikan Pohon dipinggir Kota saat Musim Hujan dan Panas";"Perubahan iklim adalah hal krusial yang harus dipikirkan pemerintah indonesia beserta masyarakat secara bersama-sama karena hal ini berkaitan dengan kondisi lingkungan saat ini maupun mendatang. Kita sebagai masyarakat dapat ikut menanggulangi perubahan iklim dengan melakukan hal-hal kecil dengan tidak membuang sampah sembarangan, mengurangi penggunaan plastik, tidak melakukan pembakaran hutan dan tidak melakukan penebangan liar. Sedangkan, pemerintah selaku regulator dapat memberikan atau membuat kebijakan berkaitan dengan pelarangan untuk merusak hutan dan membuang sampah dilaut atau kebijakan lain agar setiap aksi-aksi ini mendapat dukungan hukum yang cukup dari pemerintah.";"Melihat kembali.izin-izin pertambangan dan pengelolaan hutan. Karena hutan khususnya di kalimantan dan papua.adalah paru2 dunia. Jangan sampai.mendahulukan.investasi.tapi mengabaikan.faktor lingkungan.";"harus memikirkan agar iklim lebih baik";".";"pemerintah harus menyediakan stock pangan yang cukup dan pembenahan saluran air agar keadaan banjir tidak terjadi di ibukota dan daerah perkotaan selain itu pemerintah harus melakukan penyemprotan di tempat yang rawan terjadi demam berdarah agar masyarakat menjadi sehat dan bebas dari nyamuk.";"Menggunakan sumber energi yang ramah lingkungan";"Menyortir perusahaan tambang yg akan dibangun di pedalaman";"Jujur, perubahan iklim (climate change) merupakan topik yang sangat membuat saya tertarik dari dulu karena saya merupakan salah satu pecinta lingkungan. Apalagi, ada anak berusia 18 tahun berasa dari Russia bernama Gretta Thunberg yang memproklamirkan mengenai climate change pada pemerintahan Eropa (kalau tidak salah) dan kegiatan serta antusiasnya dalam kegiatannya tersebut sangat memancing apresiasi masyarakat dunia termasuk saya. Saya sudah berpikir sejak awal bahwa sebaiknya pemerintah meningkatkan reboisasi hutan, pelestarian alam, dsb., seiring berkembangnya infrastruktur. Sekian, terima kasih. ^_^";"yang harus dilakukan pemerintah indonesia terkait perubahan iklim adalah dengan melakukan antisipasi sebelum adanya perubahan iklim, sehingga masalah-masalah yang akan terjadi karena perubahan iklim bisa lebih cepat teratasi";"NA";"Pemerintah harus mendukung program masyarakat yang turut serta menjaga lingkungan akibat perubahan iklim yang terjadi.";"Mempertahankan hutan sebagai paru2 bumi dan membuat peraturan untuk pembatasan penggunaan kendaraan";"Untuk menjaga kelestarian lingkungan pada saat ini perlu ditingkatkan kan untuk produk yang bertujuan untuk ramah lingkungan dan menunjang perubahan iklim yang baik seperti proses daur ulang produk makanan dan lainnya contoh nya.";"Seharusnya pemerintah mengupayakan jalan yang terbaik mengenai perubahan iklim dan dampak buruk bagi warga. Salah satu contoh nyata adalah dibidang pertanian dimana pada saat ini hujan tidak dapat diperkirakan seperti dahulu oleh para petani. Seharusnya pemerintah memiliki sistem prakiraan yang dengan mudah untuk diakses masyarakat awam. Kemudian dari segi bibit pertanian dan pupuk harus ada upaya yang sungguh sungguh agar masyarakat bisa dengan mudah mendapatkan hal tersebut.";"Mengubah suasana";"Berupaya menjaga dan mengantisipasi agar tidak terjadi hal hal yang tidak di inginkan";"Menjaga lingkungan tetap bersih dan terjaga ,gerakan semua orang untuk mencintai lingkungan";"Menghukum perusahaan yang melakuksm penebangan liar";"Siap2 terhadap bencana yang terjadi.";"Harus membuat keputusan untuk lingkungan hidup sehat dan pengurangan jumlah sampah plastik";"Pengurangan pembangunan gedung bertingkat dan pemanfaatan bioalam";"Polisi udara akibat pemakaian bahan bakar minyak, penggunaan batu bara sebaiknya dikurangi dan digantikan dengan energi lainnya.";"Pemcegahan akan iklim yang berubah dengan perencanaan yang matang dan pembangunan yang bermanfaat";"menyediakan rest area pada saat hujan";"Keputusan yang kita ambil saat ini membentuk arah perkembangan dunia di tahun-tahun mendatang. Kita hanya dapat membatasi perubahan iklim yang berbahaya dan mencapai tujuan pembangunan jika kita dapat mengubah cara perumusan masalah dan pengambilan keputusan. Kita harus mulai mengubah pendekatan jangka pendek yang reaktif menjadi pendekatan strategis dan transformasional berdasarkan visi bersama.";"Mengadakan kegiatan yang dilakukan oleh para ahli lingkungan uktuk tidak membakar hutan sembarangan dan membuat rumah kaca seenaknya.";"kesejahteraan diri saya, kesuksesan diri saya amin :)";"Harus segera di atasi";"Bersama sama nananggulangi perubahan iklim";"Harus bisa menjaga lingkungan d sekitar lbh baik, supaya bs terjadi perubahan yg lbh baik";"harus memerhatikan drainase dan juga penyuluhan soal pengolahan sampah ke masyarakat";"NA";"'- membuat peraturan tentang standardisasi penggunaan bahan-bahan / komposisi bahan makanan\n - melakukan pembatasan kepemilikan motor dan mobil untuk mengurangi polusi udara \n - mulai menggiatkan penggunaan mobil listrik\n - memperketat akses untuk menebang pohon di kalimantan\n - memperbanyak bank sampah di lingkungan sekitar untuk pengolahan limbah.";"Pertimbangan saya merubah polapikir berkelanjutan,dan yang harus di lakukan pemerintah lebih serius dalam menangani perubahan iklim untuk masa mendatang";"Maksimalkan sistem reboisasi";"Mwngadakan pembangunan pohon sebanyak2nya juga mencanangkan secara tegas tentang buang sampah pada tempatnya";"Pemerintah harus lebih berusaha dalam mengadapi perubahan iklim.. Terutama dalam menghadapi buruknya kebakaran hutan di indonesia yang dapat memperparah perubahan iklim global";"Mendukung daur ulang kemudian penggantian  penggunaan plasstik dan memberlakukan denda untuk membuang sampah sembarang kemudian mendorong masyarakat untuk ikut mendaur ulang";"Bersiap-siap agar kalau terjadi perubahan iklim tidak kaget";"Global warming adalah isu yang cukup signifikan untuk diberikan perhatian dan mengatasi nya bagi kelangsungan hidup";"Saya berharap pemerintah bisa membentuk SDM di Indonesia, sehingga sadar akan lingkungan. Perubahan iklim tidak lepas dari keegoisan manusia sehingga tidak perduli dengan lingkungan.";"Seharusnya penebangan hutan liar itu jangan dibiarkan saja, dan harusnya pemerintah mengadakan aktivitas rebiosasi";"saya menyoroti mengenai pembukaan lahan untuk perkebunan kelapa sawit yang sangat masif. akibat dari pembukaan lahan tersebut, luas hutan semakin berkurang tiap tahun. ekosistem hutan menjadi terganggu dan berdampak pada perubahan iklim. begitu juga dengan pengerjaan lahan tambang. setelah selesai ditambang lahan-lahan yang luas tersebut hanya ditinggal begitu saja tanpa dilakukan normalisasi. saya berharap pemerintah Indonesia lebih ketat dalam mengatur pembukaan perkebunan sawit dan lahan tambang. karena yang menderita adalah masyarakat di sekitar proyek-proyek tersebut. sudah seharusnya pemerintah lebih memihak rakyat dibanding dengan 'orang-orang besar' yang memiliki kepentingan.";"Menjaga iklim negara Indonesia dari global warming.";"Pemerintah perlu melibatkan sektor swasta\n Meninjau ulang regulasi\n Menghindari sistem pelaporan berlapis\n Memberi insentif";"Bekerjasama dngan beberapa stakeholder untuk mengurangi dampak pencemaran lingkungan dan pemanasan global";"Untuk di indonesia sendiri hanya ada dua iklim ya , jadi tentunya untuk pemerintah sendiri harusnya sebelum tiba waktu pergantian iklim harus sudah mempersiapkan nya jauh jauh hari , supaya tidak terjadi hal hal yaang tidak diinginkan , sebagai contoh sebelum datang musim penghujan , ketika akhir akhir musim kemarau , perlu dilakukan upaya pengerukan sungai sungai yang mengalami pendangkalan terutama di daerah rawan banjir ,";"hanya menanam pohon saja kita sudah bisa membantu mengatasi perubahan iklim. mulai sekarang semua negara harus melakukan reboisasi total setiap hari dan menghentikan penebangan hutan.";"Mencoba membuat ekosistem selling dari hewan ternak organik dan tumbuh han agar melindungi bumi kita\n ";"Mengurangi penggunaan bahan bakar fosil";"Mungkin dengan kesadaran manusianya sendiri supaya tidak merusak alam di sekitarnya";"Perubahan iklim yang terjadi pemerintah harus turut terlibat dalam menangani hal tersebut, sebab kebijakan tertinggi adalah pemerintah, pemerintah dapat membuat program-program dengan tujuan melakukan perbaikan-perbaikan hutan adalah yang paling utama. Kesadaran masyarakat juga adalah faktor paling penting, peran utama masyarakat dalam mendukung program pemerintah adalah satu kesatuan yang tidak dapat dipisahkan.";"Melakukan himbauan kepada masyarakat tentang perubahan cuaca dan meningkatkan layanan kesehatan serta kesadaran individu untuk menjaga kesehatan";"Perubahan dari tahun ke tahun cukup signifikan dimana banyak pembangunan pembangunan infrastruktur esensial dimana cukup berdampak bagi perubahan iklim jadi pemerintah seharusnya untuk lebih menggalakkan penghijauan tata ruang kota agar iklim seimbang";"Menggiatkan program daur ulang";"Kurangi pemakaian bahan dari pelastik,kurangi juga pemakaian kertas serta bahan bakar yang sangat berdampak negatif untuk lingkungan juga iklim...";"Pemerintah harus membuat kebijakan yang tepat untuk mengatasi perubahan iklim";"Perubahan iklim yang terjadi sekarang lebih parah daripada waktu-waktu sebelumnya. Kemarau panjang yang sangat merugikan hampir semua sektor khusunya petani dimana untuk mengairi ladangnya mereka sampai harus berebut, belum ketersediaan pupuk yang dibatasi disini menimbulkan kondisi yang sangat sangat memprihatinkan. Apalagi dibarengi dengan program impor oleh pemerintah menyebabkan petani lokal merugi. Yang kaya makin kaya dan yang miskin makin miskin. Kalau tahun tahun sebelumnya masyarakat masih bisa memprediksi musim hujan dan kemarau , sekarang hujan dan kemarau yang tak menentu menyebabkan susah hendak mengambil keputusan . Hujan yang tiba-tiba membawa banjir,longsor,dll. Pemerintah seharusnya jangan hanya memikirkan mengisi penuh pundi-pundi kantong mereka sendiri menggunakan uang rakyat tapi gunakanlah uang rakyat untuk kesejahteraan semua rakyat. Sekarang orang berlomba-lomba masuk parlemen hanya guna untuk memperkaya diri sendiri, memperkuat kekuasaan sendiri. Hukum tumpul ke atas , tajam ke bawah.\n Sungguh memprihatinkan";"Menaikan pajak kendaraan pribadi, menaikan harga bahan bakar untuk kendaraan pribadi, menaikan biaya parkir untuk kendaraan pribadi, sehingga masyarakat lebih memilik kendaraan umum.";"Berdayakan sampah, buatlah peraturan secara bertahap tentang disiplin dalam membuang sampah pada tempatnya, sehingga ketika perubahan iklim, terutama cuaca hujan, potensi banjir yang menjadi bencana langganan di beberapa daerah bisa dikurangi.";"Pemerintah harus sigap dalam perubahan iklim sekarang dan harus siaga dimana bencana akan banyak melanda negara ini";"Indonesia harus menghentikan penggundulan hutan hanya demi bisnis kelapa sawit, pabrik baru bara dll, hal tersebut dapat mengakibatkan pemanasan global, dapat merusak ekosistem di hutan serta menberikan efek negatif kepada masyarakat setempat";"Pemerintah harus segera mencari solusi tentang energi alternatif dan pemanfaatan lahan hijau sebaik mungkin";"Perubahan iklim bisa sangat berbahaya dan bisa sangat berguna. Pemerintah harus memiliki alat yang bisa mendeteksi perubahan iklim";"Saat ini dunia mengalami dampak dari pemanasan global oleh sebab itu kita harus turut andil dalam menanggulangi permasalahan tersebut dengan mengurangi penggunaan plastik dan menggunakan bahan daur ulang.";"Siap mengatasi perubahan  iklim yang terjadi secara mendadak untuk mencegah terjadinya keadaan terburuk seperti banjir dan hal lain yang tidak diinginkan";"Pemerintah harus siap menghadapi musim hujan, karena disetial daetah indonesia masih sering terjadi banjir";"jika bisa, pemerintah harus memikirkan perubahan iklim yang akan datang, yaitu dengan cara membuat masyarakat siap akan perubahan iklim yang sangat drastis, dengan cara menghemat sumber daya, dan selalu memerhatikan ekosistem darat maupun laut";"Perubahan iklim sudah mulai sangat terasa";"kondisi brubah";"Indonesia harus mengatasi perubahan iklim dahulu";"Perubahan iklim adalah dampak dari mobilitas manusia. Terutama polusi yang saat ini semakin parah karena tidak diterapkannya pembatasan berkendara oleh setiap individu di indonesia. Menurut saya pembatasan kepemilikan kendaraan bermotor merupakan salah satu solusi yang harus diterapkan oleh pemerintah saat ini melihat kondisi iklim yang semakin hari semakin memburuk.";"Terkait iklim, tentunya pemerintah perlu mengajak seluruh masyarakat untuk menjaga lingkungan agar tidak mencemari dan membuat iklim menjadi berubah. Seperti menerapkan go green, dan paperless";"Pemerintah Indonesia harus mengupayakan lebih serius tentang menjaga dan memanajemen air bersih dari sumbernya sampai ke kebutuhan masyarakat dari petani di desa sampai ke seluruh masyarakat di desa dan kota . Lebih serius lagi memanajemen dengan baik kelestarian dan keseimbangan alam . Lebih serius lagi melakukan penghijauan . Lebih serius lagi mengurangi segala jenis polusi dan memanajemen dengan baik pembuangan sampah .";"Biasa saja";"Perubahan iklim saat ini penanganan pemerintah sudah sangat baik untuk menanggulangi nya";"Mengurangi efek rumah kaca,";"Segera berganti ke mobil listrik";"Pemakaian listrik Dan penggundulan/penebangan hutan serta berlebihan, emisi kendaraan yang harus di control oleh pemerintah Dan bekerja Sama dengan masyarakat yang harus peduli lingkungan & pengurangan penggunaan  plastik, seperti tahap awal itu yang harus di lakukan";"Pertama, mencegah deforestasi dan melakukan reforestasi atau penanaman kembali hutan. Kedua, memperbaiki kualitas lingkungan baik air maupun udara. Ketiga, memperbaiki produktifitas pertanian tanpa harus memperluas lahan. Keempat adalah mendorong energi terbarukan dan konservasi energi";"pembersihan gorong gorong dan selokan";"Pemerintah seharusnya lebih mengedepankan stok suplemen penambah imun tubuh, karena di masa pandemi ini, sangat rentan terhadap virus. Apalagi dengan perubahan iklim yg random, tentu saya badan rentan terhadap virus";"Mendukung dan memberi aturan industri yang berkelanjutan";"Perubahan iklim disebabkan oleh banyak aspek, diantaranya akibat polusi industri-industri besar, perang dengan persenjataan berat, dan eksploitasi hutan dan alam yang tidak terukur.\n Di Indonesia khususnya, pemerintah harus meningkatkan emisi gas rumah kaca, membatasj kegiatan eksploitasi hutan dan alam oleh perusahaan-perusahaan perkebunan dan pertanian, melaksanakan pembangunan berkelanjutan dan mengurangi penggunaan bahan bakar minyak pada kendaraan, yakni dengan mengalihkan bahan bakar kendaraan ke energi listrik.\n ";"Melakukan reboisasi terhadap hutan yang gundul, mengurangi penggunaan gedung berkaca, serta mengurangi pebcemaran polusi udara";"Memperbanyak reboisasi hutan";"perubahan iklim pada saat pandemi cukup baik";"Pemerintah harus memberikan banyak perhatian serius dalam menanggulangi perubahan iklim global dimulai dari penggunan lahan dan peraturan yang bertujuan kelansungan hidup bumi.";"Tetap Jaya Majuu";"Peeubahan iklim sangat berdampak pada perdagangan";"Penanggulangan yang baik";"Mengurangi penebangan hutan.";"Pemerintah harus lebih giat melakukan penghijauan penanaman pohon yang produktif di pinggir² jalan raya.selain mengurangi polusi udara hasilnya juga bermanfaat bagi masyarakat";"Lebih aktif mengkampanyekan kepedulian terhadap lingkungan.pada masyarakat \n Membuat peraturan yg terkait pelestarian alam dan lingkungan hidup. \n Memperbarui moda transportasi umum yg ramah lingkungan.\n ";"Beralih ke bahan bakar yang terbarukan";"Jika terjadi perubahan iklim di indonesia pemerintah seharusnya menyediakan beberapa alternatif makanan untuk para warga miskin";"Agar lebih banyak menanam pohon";"Yang bagus dan bermanfaat";"Mengurangi efek rumah kaca untuk mengurangi pemanasan global,mengurangi penggunaan plasti sekali pakai supaya tidak mencemari lingkungan.";"Perubahan iklim di Indonesia karena panas ke hujan... yang akhir\' sering extrim.\n Yang perlu di lakukan pemerintah, melakukan pembangunan yang terkait pencegahan bencana alam\n Contoh : gorong\' untuk aliran air hujan ke sungai / laut";"Perubahan iklim telah terjadi dan dirasakan saat ini. Keadaan emperatur harian Sangat terasa mengalami kenaikan yang nyata. Hal ini akan berdampak dalam kehidupan sehari-hari. Peran pemerintah untuk membuat peraturan atau kebijakan menenai dampak perubahan iklim sangat dibutuhkan untuk menjaga kemungkinan yang terjadi.";"memperketat izin izin tambang baru dan perkebunan sawit baru dan  dan segera memanfaat kan sumber daya terbarukan sehingga mengurangi sumberdaya fosil... dan stop pembangunan yg merusak hutan";"Memberlakukan kebijakan pembatasan kepemilikan kendaraan bermotor. Satu orang hanya boleh memiliki 1 motor/mobil (usia di atas 18 th), tidak boleh lebih. \n Kendaraan umum fasilitasnya diperbaiki dan ditingkatkan supaya lebih nyaman";"Mengurangi penggunaan kendaraan bermotor, tidak melakukan penggundulan hutan, melestarikan alam";"harus ada rancangan untuk mengatasi masalah yang biasa terjadi apabila ada pergantian musim yang tidak dapat di prediksi semisal membuat tempat resapan air dikala hujan";"saya rasa pemerintah tidak bisa mengatasi itu. karena sudah. faktor alam. kita hanya bisa mewaspadainya dan bersikap tenang.";"perubahan iklim wajar untun pemerintah lakukanlah sebisa anda yg terbaik untuk kita";"Menurut saya pemerintah pusat perlu meninjau lokasi yang rentan mengalami banjir dan sebagainya untuk mengantisipasi adanya bencana yang bisa memakan korban\n ";"Perubahan iklim telah mempengaruhi segalanya, termasuk musim yang tidak menentu.\n Sebaiknya pemerintah melakukan lebih banyak upaya untuk menanggulangi akbat dari perubahan iklim";"Mewaspadai banjir yang selalu terjadi ketika musim hujan";"tetap waspada";"Pemerintah seharusnya membatasi penjualan kendaraan bermotor. Masalah iklim yang terutama adalah karena polusi karbon hasil pembakaran bahan bakar kendaraan-kendaraan tersebut. Melalui pembatasan penjualan dan perketattan regulasi maka setidaknya mengurangi jumlah kendaraan yang akan beredar di masa depan";"Pemerintah seharusnya lebih tanggal apabila akan terjadi iklim yang ekstrim ataupun perubahan yang signifikan agar masyarakat dapat mengantisipasinya. Pihak BMKG dapat memberikan edukasi yang lebih lagi terhadap masyarakat terlebih masyarakat awam yang tidak mengenyam bangku pendidikan.";"Pemerintah harus lebih mengutamakan kesehatan masyarakat miskin karena perubahan iklim berdampak pada kesehatan";"Membuat pengaturan tentng daur ulang dan pengolahan limbah industri dan rumah tangga";"alih teknologi ke ramah lingkungan, pembatasan energi yang menghasilkan karbon, revolusi hijau, perluas areal konservasi hutan";"Memperbsnyak penghijauan";"Pemerintah harus mengambil sikap untuk memasukkan pemahaman tentang perubahan iklim dalam kurikulum pelajaran siswa mulai dari Sekolah Dasar.\n \n Pemerintah juga wajib tegas dalam pengelolaan sampah yang bisa dan tidak bisa diurai.";"Menghentikan PLTU dan pembakaran hutan. Mengembangkan sumber energi yang ramah lingkungan.";"Pemerintah harus lebih banyak mengawasi dan perbanyak anggaran untuk lingkungan";"Lebih memperhatikan kebersihan lingkungan dan sampah juga mengurangi polusi";"Tidak tahu\n ";"Pemerintah harus tegas";"Perubahan iklim ynag terjadi saat ini sudah sangat luar biasa berpengaruh besar terhadap kondisi ekonomi suatu negara dimana yang sangat terdampaknya adalah masyarakat golongan menengah kebawah yang sangat bergantung pada cuaca saat bekerja dan mencari nafkah.\n \n Pemerintah seharusnya mengambil kebijakan ekonomi lingkungan dengan memperbanyak hutan kota, penanam bakau di setiap pantai dan pengurangan pembukaan lahan untuk perumahan di daerah bukit atau kawasan resapan air.\n \n Penataaan kebijakan pemerintah ini harus berpadu dengan sektor industri dimana industri kelapa sawit atau industri kayu telah banyak mengorbankan kawasan hutan yang menjadi paru-paru dunia menjadi rusak dan diganti menjadi pohon yang hanya menguntungkan segilintir taipan.\n \n Pemerintah harus lebih ketat terhadap aturan main terhadap alam dan lingkungan agar dampak perubahan iklim dapat diminimalisasi dan kita sudah bisa menghadapinya";"Reboisasi";"Mengurangi efek gas rumah kaca";"Reboisasi, serta oenggalakam pemerintah terkait peraturan sampah dan pengurangan plastik";"Pemerintah sebaiknya menghimbau masyarakat untuk mulai mengurangi penggunaan transportasi pribadi seperti sepeda motor atau mobil dengan cara memberikan akses layonan transportasi umum yang lebih nyaman serta terjangkau untuk masyarakat luas.";"Membuat kebijakan penggunaan energi ramah lingkungan,";"Perubahan ikilim semakij extrim jadi saat menanam tembakau pun jadi mati dan mengalami kerugian";"Perubahan iklim sangat berdampak, maka dari itu kita harus lebih menjaga lingkungan kita, kurangi polusi udara dan lain sebagainya yang bisa membuat udara tercemar.";"saya harus lebih aktif dalam hal menjaga kesehatan dan daya tahan tubuh saya dikarenakan perubahan iklim sangat berpengaruh tentang cuaca yang gampang berubah ubah dan dapat menyebabkan ketidakstabilan tubuh dalam menghadapi cuaca eksrem tersebut. Pemerintah harus lebih aktif dalam hal pemanasan global, banyaknnya asap kendaraan bermotor membuat cuaca dan kadar udara menjadi lebih buruk.";"Polusi industri adalah penyebab utama terjadinya perubahan lingkungan. Untuk itu perusahaan saat ini harus mampu memvuat produk yang ramah lingkungan";"Kita harus menjaga kelestarian alam.";"tanam seribu pohon\n daur ulang\n atasi polusi udara dan air\n kurangi rumah kaca";"membagikan vitamin gratis kepada masyarakat yang kurang mampu";"Pemerintah harus mendorong pembangunan yang ramah lingkungan, berusaha menurunkan polusi udara, ada program reboisasi dan pengaturan eksploitasi sumber air dan daerah resapan air";"Pemerintah harus bersikap tegas berpartisipasi dalam segala kegiatan yang berkaitan dengan perubahan iklim";"Merubah kebiasaan penggunaan batu bara dan berubah menggunakan teknologi ramah lingkungan, mengurangi penggunaan plastik dan beralih menggunakan produk ramah lingkungan, melakukan reboisasi dan kurangi emisi karbon, berikan aturan yang ketat terkait pertambangan dan eksploitasi hutan dan smber daya alam lainnya, melindungi satwa2 yang dilindungi dan perangi perdagangan ilegal, mengurangi efek rumah kaca, mengembangkan teknologi pengolahan sampah seperti negara2 maju lain";"Memberikan edukasi yang lebih banyak kepada masyarakat untuk dapat beradaptasi dan memberikan himbauan kepada masyarakat agar dapat lebih peduli lagi terhadap lingkungan setidak-tidaknya lingkungan yang berada disekitar";"tidak penting,seharusnya negara mementingkan yang lain seperti kemiskinan dan masalah sosial lainnya..";"Membantu warga negara yang terkena dampaknya dan menghapus coruptor yang biasanya menyalah gunakan uang bantuan dan membuat warga tidak panik saat iklim berubah\n ";"Memperbaiki setiap saluran irigasi khususnya di daerah padat penduduk & menyediakan lowongan pekerjaan bagi setiap penduduk";"ikut berperan serta mengatasi serta mencegah segala hal yang bisa menyebabkabkan perubahan iklim misalnya mengurangi polusi , reboisasi hutan";"Beberapa daerah pasti memiliki dampak jika terjadi suatu perubahan iklim. Contohnya yang sangat sering terjadi adalah hujan dan menyebabkan kebanjiran hingga ketinggian yang lumayan tinggi. Himbauan nya agar pemerintah memberi perhatian kepada daerah yang memiliki dampak buruk terhadap perubahan iklim dan melakukan pencegahan atau solusi atau perbaikan terhadap daerah yang terkait.\n ";"pemerintah pusat harus fokus dan mempercayakan semuanya ke pemerintah daerah dimana konsepnya sudah di fiksasi sebelumnya. dan harus bisa membangun sarana dan prasarana yang bisa digunakan masyarakat serta fokus utamanya saat itu harus bisa menangani sampah";"musim penghujan dan musim panas tidak bisa di prediksi kapan mulai dan berakhir karena siklus sudah tidak normal";"Penanggulangan drainase agar tidak terjadi banjir dan mengingatkan masyarakat tentang kesadaran membuang sampah pada tempatnya";"Mengurangi polusi udara dengan menyediakan transportasi umum yang memadai.\n Memberikan penyuluhan kepada masyarakat tentang menanam pohon atau tanaman di sekitar rumah.";"Menanam pohon sebanyak mungkin";"Kurangi bahan bakar fosil, gunakan energi ramah lingkungan, batasi penggunaan kendaraan pribadi, jaga kelestarian lingkungan";"Harus ada perencana untuk perubahan iklim yg akan datang";"kaitannya dengan kelestarian lingkungan, keseimbangan alam terganggu karena lingkungan itu sendiri terganggu salah satu contohnya dengan pencemaran lingkungan. pencemaran lingkungan selain merusak alam juga merusak keseimbangan alam";"Pemerintah perlu mengontrol jumlah kendaraan bermotor di Indonesia karena saat ini Indonesia termasuk negara dengan tingkat polusi tertinggi di dunia. Indonesia seharusnya bisa mencontoh negara lain dengan membuat kebijakan pembatasan kendaraan bermotor yang bisa dimiliki per orang, juga untuk kendaraan yang berumur diatas 5tahun seharusnya sudah tidak boleh dipakai karena kualitas mesin yang buruk sehingga menimbulkan polusi.";"Menutup pabrik yang banyak menghasilkan emisi karbon";"-";"Iklim sudah sangat bagus, hanya perlu diperhatikan ketika perubahan cuaca yg sekarang tidak menentu";"UU yang mengatur mengenai permasalahan iklim seperti kewajiban menanam pohon, dilarang menebang pohon di area hutan lindung, serta dilarang menebang pohon secara liar lalu ditambah lagi pengurangan gas emisi rumah kaca dan CO";"Mencegah terjadi banjir";"meningkatkan sumber daya alam yang bisa di perbarui";"Mengurangi penggunaan kendaraan bermotor berbahan bakar bensin";"untuk menjaga keberlangsungan negara dan kehidupan isu lingkunga hendaknya sangat diperhatikan karena bagaimanapun juga menjaga segenap bangsa adalah cita-cita negara";"memakai sumber energi terbarukan\n menjaga kelestarian hutan dan reboisasi";"Dengan menggalakkan tanam pohon untuk setiap rumah, serta mengurangi populasi manusia dengan cara wajib 2 anak per kartu keluarga";"pemerintah agar mengetahui juga merasakan bahwa perubahan iklim setiap tahun sebagaimana mestinya pemerintah juga berhak mengatasi dan sudah menanggulangi masalah pencemaran lingkungan yang berdampak buruk yang ada disekitar tempat";"Memberitahukan perubahan iklim yg akurat serta dampak dampak iklim itu yg terjadi";"Mengurangi dampak negatif yang ditimbulkan dari perubahan iklim";"Sebaiknya pemerintah mencegah hal yang menyebabkan perubahan iklim secara cepat dengan cara menghimbau masyarakat untuk mengurangi penggunaan plastik serta meningkatkan daur ulang";"Mengurangi polusi";"secara aktif mempersiapkan dan menangani segala kemungkinan yang akan terjadi pada perubahan iklim";"Perbaiki kebijakan mengenai emisi gas buang.\n Kurangi penggunaan plastik.\n Berikan insentif kepada produsen produk daur ulang.\n Jaga kelestarian hutan  (Perketat aturan alih fungsi hutan )";"Pemerintah Indonesia harus cepat tanggap dalam menangani perubahan iklan di Indonesia yang akan mendatangkan dengan sangat serius karena perubahan iklan sangat berdampak";"Mengkajinya dengan para ahli Dan juga menggalakan masyarakat agar cinta lingkungan";"Memberikan izin pengubahan lahan yang ketat supaya perubahan lingkungan beserta dampaknya bisa dipertanggung jawabkan. Hutan lindung tidak boleh dijadikan lahan sawit. Apabila ingin diubah silahkan gunakan komoditas lain yang dapat direboisasi.";"perubahan ekstrim";"Kurangi plastik, kurangi kendaraan";"Harus lebih memperhatikan lagi";"Mempersiapkan segala kemungkinan";"harus memerhatikan lebih serius lagi tentang permasalahan ini";"Kemungkinan banjir dan tanah longsor yg terjadi akibat musim penghujan\n Pemerintah harus lebih waspada dan meningkatkan kualitas gorong2 dan sungai dari sampah";"Indonesia seharusnya melakukan penghijauan di sejumlah tempat. Mengurangi pembangunan pembangunan yang kurang. Bermanfaat, serta membatasi transportasi pribadi, menjalankan serta menerapkan hukum tanpa tebang pilih dan tegas lugas serta tertib. Berupaya mengelola sampah dengan baik, dan membuka lapangan kerja di desa terpencil dan desa pelosok, membangun infrastruktur yang memadai di desa pelosok dan terpencil.\n Melakukan upaya penghijauan terhadap lahan lahan yang kosong dan belukar. Yang tidak lagi sebagai hutan tetapi lahan yang teruurus kemudian dijadikan sebagai hutan rintis dan menanam kembali habitat asli pepohonan hutan di lahan yang tidak dimanfaatkan untuk mengembalikan fungsi sebagai hutan, meski sekala kecil dan luas terbatas.\n ";"Membuat kebijakan produk daur ulang seperti plastik, tisu dan kertas";".";"iklim sudah sulit di ramalkan karena efek pemanasan global bumi";"pemerintah harus segera berpartisipasi dengan cara memproduksi atau mengijinkan energi ramah lingkungan";"Pertimbangan utama saya dalam perubahan iklim pemerintah harus mengerahkan seluruh bawahan nya atau atasan nya supaya cepat bergerak mensiasati di saat perubahan iklim,seperti musim hujan,kita harus antisivasi gimana supaya tidak banjir,gorong-gorong mampet oleh sampah harus segera melakukan antisivasi,begitu juga dengan warga di sekitar,kita harus bisa menggerakkan seluruh warga nya untuk membersihkan got-got yang mampet oleh sampah. Dan kesimpulan nya,kita sebagai warga juga harus menjaga selalu kebersihan lingkungan supaya tidak membuang sampah sembarangan,hingga mengakibatkan saluran air mampet. Terima kasih.";"Jcjc";"tetap menjalani 5M di masa pandemi ini";"First, ensuring that all countries fulfill their national contribution to climate change management. Second, mobilizing the potential of the community to jointly raise awareness in dealing with and taking action related to the impacts of climate change. Third, the Head of State also called for strengthening global partnerships by prioritizing capacity building cooperation in dealing with climate change for countries in the Pacific region. Finally, invite all countries to continue green development in order to make the world a better place.";"langkah PERTAMA yaitu membatasi jumlah manusia.  Karena manusia adalah  SUMBER SEGALA PERMASALAHAN .  Melalui program Keluarga Berencana, yang giat dilakukan di masa lalu. Kemudian langkah kedua yaitu mengurangi secara total produk plastik sekali pakai. Karema ini perusak lingkungan.  Ketiga yaitu berusaha menggalakan sektor industri yang ramah lingkungan. Tentu ini harus berbasis pertanian.  Kemudian juga harus menjaga kelestarian alam dan lingkungan, seperti hutan dan sungai .";"Diantara nya. BMKj.  Memiliki kuasa mengatur iklim";"Hhbv";"Mengatasi kepadatan penduduk terutama di kota2 besar seperti salah satu tempat tinggal saya sekarang. \n Berangkat dari situ kemudian mengurangi tingkat kemacetan.\n Penyediaan lapangan kerja diutamakan bagi WNI, dan pemberian pelatihan bagi WNI yg kurang terdidik atau terlatih.\n 3 hal ini saja dulu jika benar2 tercapai saya yakin dpt berdampak besar terhadap iklim, penurunan tingkat polusi, tingkat stress masyarakat akan menurun akan diikuti dgn level kebahagiaan yg meningkat secara psikologis akan lebih mudah diatur atau mentaati peraturan seperti membuang sampah pd tempatnya, tingkat kriminalitas menurun.\n \n Individu yg bahagia terutama bathin, akan melahirkan keluarga dan anak2 yg bahagia akhirnya terdidik dengan baik. \n Kecerdasan yg baik akan dan bathin yg bahagia akan lebih aware pada segala kebaikan. Melakukan upaya2 ke arah perbaikan iklam yg diperlukan secara sadar secara inisiatif  dan tepat. \n \n \n ";"Lebih jely lagi";"Pemerintah sangar berperan penting dalam hal menanggulangi perubahan iklim. Pemerintah harus melakukan berbagai tindakan yang sanagt dibutuhkan karena pemerintah bertugas memobilisasi masyarakat agar sadar akan pentingnya mempersiapkan diri terhadap perubahan iklim, pemerintah juga berperan penting dalam mengedukasi masyarakat mengenai hal hal yang harus dilakukan dalam memerangi perubahan iklim yang extrem. Selain itu pemerintah melalui keterlibatan masyarakat juga bertanggung jawab membuat program program penting untuk mendampingi masyarakat dalam memerangi dan menghadapi perubahan iklim global.";"harus berkontribusi dengan cara inventeriasi di kementrian atau lembaga. mengatasi secara antisipatif dan mengurangi emisi gas rumah kaca terkait globalisasi.\n ";"Pemerintah harus lebih bijak dan melakukan bantuan terhadap masyarakat";"Perubahan iklim menjadi masalah utama kita bersama di masa sekarang dan masa yang akan mendatang. Menurut saya, perubahan iklim disebabkan oleh banyak faktor, dan kita semua berkontribusi terhadap perubahan tersebut. Di samping itu, pemerintah sebagai eksekutif perlu mengambil sikap preventif untuk mengantisipasi perubahan iklim yang lebih buruk lagi di masa depan. Perlu dibuat dan diberlakukan regulasi yang ketat terkait iklim itu sendiri, seperti membuat aturan tentang reboisasi setelah menebang pohon, dan aturan-aturan penting lainnya.";"mendukung kelompok2 yg aktif melakukan tindakan perubahan iklim";"menjaga lingkungan saat ini supaya tetap apa adanya, jangan ada lagi pembabatan hutan, jangan memakai pembangkit dengan batubara, mengurangi polusi karbon, jangan memakai plastik, mengurangi emisi rumah kaca, banyak menanam pohon di lingkungan rumah";"Pemerintah harus mengeluarkan kebijaksanaan atau aturan yang membatasi kegiatan yang dapat merusak iklim, seperti pembatasan penggunaan alat atau bahan yang bisa menambah gas rumah kaca, mengurangi emisi karbon secera ketat dan berkelanjutan, Dan mengedukasi masyarakat agar melakukan kegiatan kegiatan yang dapat mencegah perubahan iklim lebih buruk lagi.";"Perubahan iklim sekarang ini sudah terlalu ekstrim sehingga perlu penanganan yang cepat dan tepat dari semua pihak. Pemerintah harus lebih tegas mengeluarkan peraturan yang mengikat semua pihak terutama kalangan pebisnis untuk ikut menjaga lingkungan misalnya pengelolaan limbah industri mereka ataupun pengelolaan lahan yang baik.";"Pengurangan gas emisi kendaraan dan pabrik sangat berpengaruh, pembuatan rumah kaca yang semakin banyak dapat menyebabkan kerusakan pada ozon atmosphere bumi jadi pemerintah lebih intens menanggulangi gas emisi kendaraan dan rumah kaca karena banyak di kota besar tingkat polusi udara nya sangat tinggi apalagi di kota metropolitano";"Memberi solusi terbaik untuk menangani supaya tidak terjadi hal-hal yang tidak diinginkan.dan juga harus berfikir lebih jauh bagaimana menghadapi permasalahan yang harus dihadapi dg tegas.";"Harus konsisten dan lebih tegas dalam mencegah penebangan hutan dan perusakan lingkungan.";"Diperbanyak penanaman pohon";"Menjaga kualitas hutan dengan mengurangi pembukaan lahan untuk kelapa sawit. Menegakkan hukum dengan sebaik mungkin untuk pembakar hutan. Mengurangi emisi gas";"pemerintah harus mempersiapkan apa yang akan terjadi apabila ada berubahan iklim yanh normal maupun ekstrim karena sejatinya untuk mengedalikan iklim sangat sulit jadi kita dapat mengatasinya dengan mempersiapkan apa yang akan terjadi";"dengan memberikan sebuah solusi atau langkah yang tepat untuk memperbaiki";"Seharusnya lebih Banyak menanam pohon";"Pemerintah seharusnya lebih menekankan pada peraturan perundang-undangan dan penegakan hukumnya untuk perusahaan perusahaan supaya lebih peduli terhadap dampak perubahan iklim.";"Ikilm adalah siklus dari kehidupan... Saya yakin pemerintah dapat membantu masyarakat dalam mengelola kehidupan dalam melewati iklim yang berubah.. Tetapi masyarakat juga harus menerima proses nya... Karena tidak semudah itu untuk menentukan tujuan masyarakt";"Tergantung penanganan nya";"Menjaga kelestarian hutan, mengurangi pemakaian bahan bakar fosil, pengurangan penggunaan plastik, sosialisasi pentingnya keberlangsungan dan keanekaragaman hayati, stop korupsi";"mengurangi emisi gas rumah kaca";"Pemerintah menggalakan penanaman pohon, mensosialsikan daur ulang sampah agar tidak menumpuk";"Menggunakan Sumber Energi yang Terbarukan dan Ramah Lingkungan, Membatasi Penggunaan Kendaraan Berbahan Bakar Fosil, Melakukan Penanaman Hutan dalam Skala Besar";"menanggulangi segala kemungkinan bencana alam akibat perubahan iklim\n ";"memberikan edukasi kepada warga tentang perubahan iklim,pengertian dan dampak serta resiko perubahan iklim terhadap ekosistem dan manusia";"Pemerintah harus sigap dalam memberi tahu masyarakat tentang perubahan iklim yang terjadi";"Mengenai perubahan iklim menurut saya pemerintah lebih memperhatikan seperti membuat pencegahan lingkungan , perawatan hingga pengelolaan yang berdampak untuk kebaikan masyarakat dalam perubahan iklim";"Harus mempertibangkan segala sesuatu dengan matang dan sedini mungkin";"Perubahan iklim yang extrim membuat manusia rentan kena penyakit , sebaiknya pemerintah selalu memberitahukan kalau mau terjadi perubahan iklim";"Mengelola sampah dengan baik\n Membangun sarana dan prasarana untuk penanggulangan bencana";"Mencegah penambahan dan perambahan hutan untuk kegiatan pertambangan, kehutanan industri dan perkebunan skala besar";"perubahan iklim sangat berpengaruh terhadap perekonomiian masyarakat karena ketidakseimbangan iklim juga membuat masyarakat terkejut dan disini harusnya pemerintah indonesia lebih peduli lagi akan perekonomian masyarakat\n ";"Penyediaan sumur resapan lebih banyak";"Ikut berperan aktif dalam menanggulangi perubahan iklim";"Perubahan iklim semakin dapat dirasakan dampaknya. Musim kemarau berkepanjangan atau musim hujan yang menimbulkan banjir di mana-mana. Cuaca ekstrem semakin sering terjadi.\n Pemerintah seharusnya segera bertindak. Menghentikan penebangan hutan, melarang pembakaran hutan, mendorong pengurangan penggunaan plastik, menanggulangi banjir, membatasi penggunaan bakar bakar minyak bumi.\n ";"Saya rasa perubahan iklim sudah menjadi masalah besar bagi dunia.\n Hemat saya pemerintah Indonesia harus melakukan upaya untuk meminimalisir perubahan iklim ini dengan cara menekan sumber polusi udara yang diakibatkan oleh emisi kendaraan bermotor, polusi udara dari pabrik ataupun dampak dari kebakaran hutan.\n Sudah saatnya, kendaraan bermotor yang tidak laik beroperasi di hentikan, pengolahan limbah pabrik harus dilakukan dengan benar dan ramah lingkungan, dan yang paling penting lakukan penghijauan kembali terutama dikota besar untuk menghasilkan oksigen yang sehat bagi bumi, sehingga perubahan iklim tidak berdampak negatif bagi kehidupan mahluk hidup di dunia.";"Mengurangi adany rumah kaca dan pemberdayaan daur ulang plastik karna tidak bisa di urai ,";"Dengan Cara adaptasi Dan mitigasi";"Cabut izin dan berikan sanksi tegas pada perusahaan perusak hutan.";"Sangat seknifikan perubahan iklim skrng jadi selu berhati2 lah";"Mengantisipasi terjadinya bencana alam,misal seperti banjir dan tanah longsor,dengan cara memberi pengetahuan masyarakat agar selalu waspada dan selalu menjaga ekosistem lingkungan agartatap terjaga dengan baik";"perubahan iklim ibuat oleh manusia sendiri sehingga perlu ada perubahan diri sendiri didukung oleh pemerintah";"Memfurangi pembangunan rumah kaca dan mendaur ulan limbah atau sampah plastik dan sebagainya";"yang harus sebaiknya pemerintah lakukan dalam mengatasi perubahan iklim adalah melakukan gerakan menanam pohon dan penghijauan  masal  dan mendaur ulang sampah masal serta memberikan sosialisai atau penyuluhan kepada masyarakat setiap hari agar menjadi terbiasa";"'- pembuatan drainase\n - pengelolaan sampah yg benar\n - giatkan dua minggu sekali kerja bakti di RT terutama kebersihan got/selokan";"Pemerintah harus mendukung industri yang ramah lingkungan\n Membuat UU yang melindungi hutan dan kelangsungan sumber daya alam\n Mendorong penelitian energi terbarukan\n Mengurangi polusi udara";"Semoga meniadi pertimbangan bagi sy dan dapat ilmu baru";"mengurangi pembangunan yang menjulang tinggi.";"Mengurangi pemanasan global";"pemerintah hendaknya mempersiapkan diri dalam menghadapi perubahan iklim dengan cara merangkul semua pihak agar dapat bekerjasama spt para pengusaha, penggiat lingkungan, masyarakat dan seluruh elemen masyarakat lainnya dimana semua harus diberi kesadaran dan action nyata dalam memelihara lingkungan agar iklim di Indonesia tetap terjaga. sampah yang tidak terurus , hutan yang gundul, limbah pabrik yang mengotori perairan , asap kendaraan dan pabrik yg menjadikan polusi udara hendaknya dapat dicarikan solusinya agar keadaan lingkungan tetap terjaga. pemerintah harus bertindak tegas terhadap masyarakat yang telah merusak kondisi alam yg menyebabkan keseimbangan alam terganggu karena hal seperti inilah yang menjadikan penyebab perubahan iklim menjadi tidak dapat terkontrol . keseimbangan alam sangat dibutuhkan peran serta masyarakat agar apa yang ada di alam tetap terjaga . perlu kesadaran diri masing-masing individu selain dari usaha -usaha pemerintah sendiri dalam menghadapi perubahan iklim di indonesia";"Stop penggunaan bahan mineral penghasil gas kaca/CO2 untuk pembangkit listrik & bahan bakar transportasi umum (bus/kereta/kapal/ojek) segera beralih ke EBT.\n Gesa pembangunan infrastruktur untuk distribusi EBT, beri subsidi/diskon bagi pengguna EBT. \n Edukasi masyarakat soal EBT & efek gas kaca dari bahan minerba.\n Pajak Polusi bagi perusahaan yg masih menggunakan bahan minerba untuk penghasil tenaga.\n Perbanyak RTH di kota-kota dengan populasi diatas 150,000 jiwa.\n Diskon/promo bagi masyarakat pengguna transportasi umum masal agar mengurangi kendaraan.\n Subsidi masyarakat pesisir / sekitar pertambangan karena lingkungan mereka rusak akibat perubahan iklim.";"mencegah penebangan hutan dan pencemaran air laut dengan melaksananakan sangsi yang berat";"harus menghargai alam dari setiap proyek proyek inprasrtuktur terselubung";"Menanam kembali hutan yang gundul";"Terkait perubahan iklim, pemerintah harus secara aktif melakukan reboisasi hutan dan mangrove. Mengurangi pemberian ijin untuk melakukan kegiatan pertambangan dan perkebunan kelapa sawit.";"Indonesia harusnya lebih konsen lagi tentang masalah sampah";"Tidak membuang sampah sembarangan dan menanam kembali hutan yang gundul";"Menanam kembali hutan gundul";"Mengelola sampah dengan lebih baik terutama sampah plastik";"Siap siaga untuk mencegahnya";"Tidak membuang sampah sembarangan menanam kembali hutan yang gundul dan melakukan terasering memperhatikan penebangan liar";"Siap siaga untuk mencegahnya";"menanam pohon untuk penghijauan";"Siap siaga untuk menceganya";"Cara mengatasinya dengan baik bila terjadi perubahan iklim siap untuk mencegahnya";"Siap siaga untul mencegahnya";"Cara mengatasinya baik dengan cepat bila terjadi perubahan iklim mencegah agar tidak terjadi";"Cara mengatasi bila terjadi perubahan iklim segera mencegahnya dengan baik";"Cara mengatasi bila terjadi perubahan iklim mencegah secepatnya";"Cara mengatasi terjadinya perubahan iklim secepatnya siap mencegahnya";"Cara mengatasi bila terjadi perubahan iklim dengan cepat mencegahnya";"Siap siaga untuk mencegahnya";"Cara mengatasi bila terjadi perubahan iklim segera cepat mencegahnya";"selalu siap siaga menanggulangi setiap bencana yang ada";"Selalu siap siaga dalam menanggulangi perubahan iklim";"Cara mengatasi bila terjadi perubahan iklim segera cepat mencegahnya";"Selalu siap siaga dalam menanggulangi perubahan iklim";"Cara mengatasi bila terjadi perubahan iklim dengan siap mencegahnya cepat";"Siap siaga untuk mencegahnya";"Siap siaga untuk menceganya";"Dudifigoh kgkgig";"vaksin";"vaksin";"Sangat bagus";"cy gugug";"Pemanasan global yang semakin terasa";"Cara mengatasi bila terjadi perubahan ikim sert cepat untuk mencegahnya dengan baik";"Melakukan penanaman tanaman dalam skala besar";"Cara mengatasi bila terjadi perubahan iklim segera mencegahnya dengan cepat";"Cara mengatasi bila terjadi perubahan iklim segera mencegahnya dengan cepat";"vaksin";"vaksin";"Melakukan penanaman tanaman dalam skala besar";"Cara mengatasi bila terjadi perubahan iklim segera mencegahnya dengan cepat";"Vaksin";"Melakukan penanaman tanaman dalam skala besar";"Selalu waspada dalam menanggulangi perubahan iklim";"Car mengatasi bila terjadi perubahan iklim segera mencegahnya dengan cepat";"Selalu siap siaga untuk melakukan kegiatan pencegahan perubahan iklim";"Selalu siap siaga dalam menghadapi perubahan iklim";"Selalu siap siaga untuk menceganya";"Tidak paham karena iklim sekarang tidak bisa ditebak";"Dilarang membuang sampah sembarangan dan menanam kembali hutan yang gundul";"Dilarang membuang sampah sembarangan dan menanam kembali hutan yang gundul";"Dilarang membuang sampah sembarangan dan menanam kembali hutan yang gundul";"Sangat baik dan terima kasih";"Dilarang buang sampah sembarangan dan menanam kembali hutan yang gundul";"Tidak membuang sampah sembarangan dan menanam kembali hutan yang gundul";"vaksin";"vaksin";"Cara mengatasi bila terjadi perubahan iklim segera mencegah secepatnya";"vaksin";"vaksin";"Sangat bagus";"Melakukan penanaman tanaman dalam skala besar";"Tidak membuang sampah sembarangan dan menanam kembali hutan yang gundul";"Cara mengatasi bila terjadi perubahan iklim segera mencegah secepatnya";"Cara mengatasi bila terjadi perubahan iklim segera mencegah dengan cepat";"Melakukan penanaman tanaman dalam skala besar";"Tas laptop ransel ajaa noppp makasih ya";"Tang iya nih anak gaul itu apa yang kita";"Sangat bagus";"Dilarang membuang sampah sembarangan dan dilarang menanam kembali hutan yang gundul";"Tidak membuang sampah sembarangan menanam kembali hutan yang gundul";"Reboisasi";"Cara mengatasi bila terjadi perubahan iklim segerat cepat mencegahnya";"Segera di tangani";"Harus siap dalam kondisi apapun yang terjadi pada perubahan iklim yang ada saat ini";"amat sangat bagus, relevan, edukatif";"amat sangat bagus, relevan, edukatif";"vaksin";"vaksin";"Cara mengatasi bila terjadi perubahan iklim segera mencegahnya dengan cepat";"Memiliki";"Reboisasi";"Ya";"Ya";"Reboisasi";"Vaksin";"Reboisasi";"Reboisasi";"Reboisasi";"Cara mengatasi bila terjadi perubahan iklim segera mencegah secepatnya";"Reboisasi";"Sangat menghawatirkan sekali dech ah";"vaksin";"Selalu siap siaga untuk menceganya";"Melakukan penanaman tanaman dalam skala besar";"Selalu siap siaga dalam menghadapi perubahan iklim";"Cara mengatasi bila terjadi perubahan iklim segera mencegahnya dengan cepat";"Baik sekali";"Baik sekali";"Memuaskan";"Selalu siap siaga dalam menghadapi perubahan iklim";"vaksin";"Cara mengatasi bila terjadi perubahan iklim segera mencegah secepatnya";"Baik sekali";"Reboisasi";"Menanam kembali hutan gundul";"Baik sekali";"Cara mengatasi bila terjadi berubhan iklim segera mencegahnya";"Selalu siap siaga dalam menghadapi perubahan iklim";"Reboisasi";"Baik sekali";"Memuaskan";"Tidak membuang sampah sembarangan dan menanam kembali hutan yang gundul";"Menanam kembali hutan gundul";"Tidak membuang sampah sembarangan dan tidak menanam kembali hutan yang gundul";"Cara mengatasi bila terjadi perubahan iklim segera mencegah dengan cepat";"Cara mengatasi bila terjadi perubahan iklim segera mencegahnya dengan cepat";"Cara mengatasi bila terjadi perubahan iklim segera mencegahnya dengan cepat";"Melakukan penanaman tanaman dalam skala besar\n ";"Cara mengatasi bila terjadi perubahan iklim segera mencegahnya dengan cepat";"Melakukan penanaman dalam skala besar";"Cara mengatasi bila terjadi perubahan iklim segera mencegah dengan cepat";"Cara mengatasi bila terjadinya perubahan iklim segera mencegahnya cepat";"Cara mengatasi bila terjadi perubahan iklim segera mencegahnya dengan cepat";"Cara mengatasi bila terjadi perubahan iklim segera mencegahnya dengan cepat";"Cara mengatasi bila terjadi perubahan iklim segera mencegahnya dengan cepat";"vaksin";"Sampah plastik";"Melakukan penanaman tanaman dalam skala besar";"Selalu siap siaga dalam menghadapi perubahan iklim yang terjadi";"Penanaman tanaman dalam skala besar";"Selalu siap siaga dalam menghadapi perubahan iklim";"Selalu siap siaga dalam menghadapi perubahan iklim";"Selalu siap siaga untuk melakukan pencegahan perubahan iklim";"Selalu siap siaga dalam menghadapi perubahan iklim";"Selalu siap siaga dalam menghadapi perubahan iklim";"Selalu siap siaga dalam menghadapi perubahan iklim";"Selalu siap siaga dalam menghadapi perubahan iklim";"Selalu siap siaga dalam menghadapi perubahan iklim";"Cara mengatasi bila terjadi perubahan iklim segera mencegah secepatnya";"Cara mengatasi bila terjadi perubahan iklim segera mencegah secepatnya";"vaksin";"vaksin";"Mengatasi masalah sampah plastik";"Sangat bagus";"Masalah plastik";"sangat bagus";"Bagus";"Sangat bagus";"inovatif";"Bagus";"Bagys";"Yaaaa";"inovatif";"vaksin";"vaksin";"vaksin";"vaksin";"Cara mengatasi bila terjadi perubahan iklim segera mencegah secepatnya";"Cara mengatasi bila terjadi perubahan iklim segera mencegah dengan cepat";"Cara mengatasi bila terjadi perubahan iklim segera mencegah secepatnya";"Melalukan penanaman tanaman dalam skala besar";"Cara mengatasi bila terjadi perubahan iklim segera mencegah secepatnya";"Cara mengatasi bila terjadi perubahan iklim segera mencegah secepatnya";"Melakukan penanaman tanaman dalam skala besar";"Menambah penanaman pohon2";"Menghemat energi sebaik mungkin dan mencari energi alternatif karena perubahan iklim yang terjadi saat ini banyak sedikit dipengaruhi oleh efek pemakaian energi yang kita lakukan";"Pemerintah harus bisa memperkirakan hal apa yg akan terjadi dalam perubahan iklin ini, dan mempersiapkan segala sesuatu untuk mencegah dampak negatif dari perubahan iklim, baik dampak untuk manusia maupun lingkungan";"laporan berita yang terupdate dan terpercaya\n ";"Pemerintahan di Indonesia harus lebih waspada terhadap perubahan iklim yang terjadi, harus menyiapkan rencana terlebih dahulu sebelum perubahan iklim terjadi agar masyarakat tidak panik dan lebih waspada";"Melakukan penangan yang tepat. Seperti menanam pohon, yang terpenting stop ilegal logging dan pembakaran hutan untuk kepentingan politik tanpa memikirkan dampak untuk lingkungan maupun masyarakat.";"Menghindari membeli produk yang bebas polusi";"Memperhatikan makanan,,kebutuhan sehari2 persiapan obat2 yg cukup memadahi";"Memberikan sosialisai tentang perubahan iklim kepada masyarakat";"pakai kendaraan listrik, ganti bbm ke gas, cegah kebakaran hutan";"perubahan iklim yg terjadi, menteri yg berkewenangan harus ikut andil dalam mengatasi perubahan iklim. karena dapat membantu masyarakat apabila ada dampak dalam perubahan iklim yang terjadi.";"membuat kebijaka dan menegaskan sanksi dalam tindakan manusia yang merugikan alam, juga menyediakan persediaan bagi negara untuk masa depan";"Pemerintah Indonesia harus mengambil langkah lebih cepat, karena perubahan iklim akan sangat berpengaruh terhadap kehidupan di Indonesia, apalagi jika sangat ekstrem. Jadi, lebih baik untuk mencegah dibanding mengobati.";"Harus menyiapkan dana jika suatu saat terjadi musibah atau bencana disuatu wilayah";"Menjaga kesehatan tubuh mencuci tangan sebelum makan mandi yang teratur pakaian di cuci ketika dikit membwa handsanitizer makan yg bervitamin tidak boleh makan yang bermacam\'seperti pedass";"Pemerintah harus lebih memperhatikan iklim saat ini karna iklim cuaca saat ini suka tidak menentu kadang panas kadang hujan dan membuat orang mudah terkena penyakit.";"Pemberitahuan lebih cepat pada masyarakat bila adanya perubahan cuaca";"harus mengurangi limbah plastik berlebihan";"Meningkatkan Sarana Penanggulangan Bencana, Sigap, Tanggap & Cepat";"ketika perubahan iklim terjadi seharusnya pemerintah memberitahukan masyarakat lewat siaran berita yang terjadi setiap harinya agar masyarakat bisa waspada akan iklim yang terjadi";"NA";"Perbaikan sistem transportasi umum sehingga masyarakat lebih memilih menggunakan transportasi umum untuk mengurangi emisi karbon. Selain itu perbanyak zona terbuka hijau sehingha kualitas udara lebih baik";"Setidaknya agar polusi dikurangi dan penghijauan diperbanyak agar tidak terlalu besar terhadap perubahan iklim diindonesia";"Sebaiknya pemerintah membuat kebijakan dalam pembangunan gedung gedung perkantoran,agar mengurangi efek rumah kaca";"Mengenai perubahan iklim, pemerintah Indonesia haruslah mengatasi permasalahan polusi terlebih dahulu, terutama di kota-kota besar. Karena perubahan iklim terjadi akibat polusi udara yang sudah sangat buruk";"Kurangi polusi udara karena itu juga berdampak pada iklim sekitar,dan jangan buang sampah sembarangan karena sekarang ini sedang musim hujan jadi bisa terjadi banjir.";"Mengenai perubahan iklim, pemerintah harus tetap siaga dalam kondisi apapun khusus nya kepada pihak penanggulangan bencana yang mana pada saat ini kondisi iklim kita berubah sangat ekstrim,jadi untuk pemerintah yang terkait agar selalu memberikan informasi terbaru, terupdate kepada masyarakat Indonesia agar tetap selalu waspada dengan perubahan iklim yang tidak menentu";"Pemerintah harus segera merealisasikan program yang bersahabat dengan lingkungan dan mendukung aktivis2 pecinta lingkungan";"membatasi penggunaan kendaraan bermotor, mengurangi pembukaan lahan untuk sawit dan pertambangan";"Namanya alam Allah yang menentukan";"Pemerintah seharusnya menurunkan harga sembako dan memfalisilitasi pengobatan gratis untuk masyarakat bawah";"Jangan biarkan pembalakan hutan liar yang meraja lelah dan pemerintah jangan mau di sogok dengan mereka";"Memberikan edukasi kepada masyarakat tentang perubahan iklim";"perubahan iklim bisadi cegahdengan menjaga kestabilan lingkungan";"Mendukung perubahan iklim,";"sering melakukan uji emisi kendaraan yg tua";"perubahan iklim sangat akan mempengaruhi ekonomi yang ada, mulai  dari kegiatan produksi hingga distribusi. dalam iklim yang mudah berubah sedapatnya pemerintah dapat mengatur harga pasar ataupun harga pangan yang ada.";"Melakukan pencegahan terkait hal-hal yang dapat menyebabkan perubahan iklim. Termasuk salah satunya penyebab global warming. Penanaman pohon diperbanyak, seiring dengan banyak nya pembangunan.";"Mari menjaga lingkungan tmpt kita tinggal";"Membangun bendungan bendungan yang lebih banyak";"Pemerintah seharusnya lebih memperhatikan iklim yang berubah-ubah karena saat ini kita sebagai masyarakat butuh informasi yang jelas mengenai perubahan iklim yang ada";"Untuk mengatasi perubahan iklim yang ekstrim di Indonesia, satu-satunya cara adalah dengan mengganti Presiden Jokowi.";"mengurangi pemanasan global dan tidak menebang pohon di hutan";"Lembaga pemerintah harus lebih memperhatikan apa saja kemungkinan yang akan terjadi atau dampak perubahan iklim tersebut, sebisa mungkin memikirkan apa saja kiat-kiiat yang harus dilakukan oleh warga dalam menghadapi perubahan iklim tersebut.";"pemerintah harus memperhatika  sekali efek dari perubahan iklim .. apalagi di zaman covid seperti ini";"Pemerintah harus lebih mensosialisasikan perubahan iklim, di Indonesia sdmnya rendah";"Pemerintah dan masyarakat harus turut andil dalam menjaga lingkungan dan menaati seluruh aturan yang ada";"cuaca sangat buruk hujan ringan panas berlebih. kadang pagi-pagi mendung siang panas malam hujan";"memberikan bantuan";"Melestarikan hutan....menindak perambah hutan...mempertegas larangan merusak mencemarkan lingkungan";"Menangani dengan cara evakuasi jika iklim terlalu berbahaya";"Langkah tegas pemerintah untuk menghukum oknum, perusahaan, atau siapapun yang bersalah dalam hal ini. Karena selama ini semacam ada keberpihakan terhadap perusahaan besar yang menyebabkan dampak terhadap perubahan iklim atau lingkungan.";"pemerintah harus membuat antisipasi buat perubahan iklim yang sekarang terjadi atau yang akan terjadi";"Pemerintah selaku pembuat kebijakan perlu memperhatikan aspek lingkungan untuk setiap kegiatan ekonomi yang dilakukan oleh pengusaha, seperti AMDAL. Kemudian menerapkan tax carbon agar dapat mengontrol laju emisi.";"Melakukan penanaman hutan dalam skala besar.\n Penggunaan sumber energi yang ramah lingkungan.\n Membatasi penggunaan kendaraan yang berbahan bakar fosil.\n Penghijauan dikota,untuk mengurangi polusi";"Menurut saya perubahan iklim adalah salah satu masalah global yang harus diperhatikan oleh pemerintah dan publik";"Mendukung produsen menciptakan barang yang bisa di daur ulang";"Tentang pembatasan kepada perusahaan demi menurunkan tingkat emisi,, dan menerapkan ruang terbuka hijau dilahan lahan gundul yang sudah digarap oleh perusahaan agar dikembalikan pada asalnya.";"Mampu menerapkan sistem tertentu untuk situasi saat ini dan lebih banyak kasih solusi dan cara menanggapi atas perubahan iklim tersebut";"Mengantisipasi akan adanya bencana alam.\n Dan untuk pribadi atau keluarga, mengantisipasi akan perubahan iklim seperti hujan kepanas atau sebaliknya dengan meminum vitamin atau suplemen untuk menjaga kesehatan tubuh";"tdk ada";"Bersikap tegas dan bijaksana dalam melakukan langkah-langkah dalam memerangi perubahan iklim";"Kalau menurut saya sendiri perubahan iklim ini sangat berbahaya untuk kelangsungan generasi kedepannya. Menurut saya pemerintah harus bertindak tegas agar pembuatan rumah kaca ditiadakan dan melakukan kegiatan menanam pohon rutin agar hutan tidak hilang. Juga mengurangi penggunaan BBM";"Mengurangin kendaraan bermotor";"Saya tidak pernah naik pesawat dan melakukan penerbangan.";"memeberikan arahan agar rakyat tidak gampang sakit ataupun yg lainnya";"Mengurangi peredaran penggunaan plastik dan sterofoam, disediakan tempat sampah organik dan anorganik di setiap rumah tangga, pembatasan penggunaan kendaraan pribadi";"Sangat memungkinkan perubahan iklim di Indonesia,dan pemerintah harus lebih giat mengatur perubahan iklim supaya ekonomi tetap maaju";"Pemerintah harus menghentikan pembakaran hutan, ilegal logging dan emisi karbon sesegera mungkin";"Cuaca, pemanasan global\n \n Membangun infrastruktur lebih ramah lingkungan, kurangi penebangan pohon secara ilegal, kurangi pembangunan kelapa sawit, tempat pertambangan dengan mengkorbankan pohon² disekitar yg memakan tempat ber hektar²";"Membuat aturan";"Alangkah baiknya jika pemerintah menjelaskan betapa pentingnya menjaga iklim";"Mengurangi polusi dengan cara menambahkan moda transportasi umum";"Mengurangi tingkat plastik yang mencemari lingkungan, dan banyak menanam pohon yang bisa menyaring polusi jahat di udara";"Menjaga lingkungan yang lebih baik dan terawat";"Mencegah banjir";"Ya ndak tau jangan tanya saya";"Berwaspada terhadap perubahan iklim";"Menjaga lingkungan agar lebih baik lagi\n ";"Waspada dan siap mengahdapi perubahan iklim dengan mempersiapkan sarana dan prasarana yg memadai agar rakyat dapat merasa nyaman .";"Lebih bagus lagi";"Bumn harus siap siaga";"Terkait isu tersebut pemerintah seharusnya sudah mempersiapkan sedini mungkin terhadap dampak-dampak perubahan iklim. Karena hal tersebut tidak hanya menyangkut tentang alam namun juga dapat berdampak pada banyak aspek seperti ekonomi dan sosial";"meningkatkan sumber daya alam dan lingkungan";"Untuk perubahan iklim, misalnya dari musim panas ke musim hujan. Mohon diperhatikan terutama pada pohon pohon yg lebat, menjulang tinggi, karna itu sangat beresiko bagi pengendara umum, yaitu tumbangnya pohon dan ranting. Dan juga jalan biasanya musim hujan jalan terutama aspal, kbanyakan kalah dengan air, sehingga bnyak terjadi lubang, yg bisa membahayakan bagi pengendara. Saya memberikan tanggapan ini, karna saya sendiri sudah mengalami. Sekian dan terima kasih.";"Perubahan iklim sangat berdampak bagi kehidupan kita. Maka harus menjaga lingkungan dengan baik contoh jangan membuang sampah di Sungai.perubahan kecil dari masing-masing akan sangat berguna.";"pemerintah seharusnya memperbaiki saluran irigasi biar tidak terjadi banjir";"Menurut saya, pemerintah seharusnya bertindak tegas terhadap para penduduk di Indonesia ini dengan menetapkan aturan-aturan yang sesuai dan efektif, seperti mengurangi segala penggunaan energi agar tidak berlebihan.";"Sebenarnya bukan hanya tugas pemerintah melainkan masyarakat sendiri sangat penting,,karena kerusakan alam yang parah dan tangan² tdak bertanggung jawab yang menyebabkan perubahan iklim yang ektrim..";"Pemerintah harus lebih siap dan sigap dalam memberitahukan kepada seluruh rakyat bahwa akan terjadi perubahan iklim yang sangat buruk";"1. Pembangunan gedung2 dan perumahan harus bisa menyerap air hujan dengan baik sehingga tidak menyebabkna banjir. \n 2. Pengelolaan sampah harus dilakukan dengan serius untuk bisa menanggulangi jumlah sampah\n 3. Kurangi merusak hutan untuk pembangunan\n 4. Perbanyak hutan lindung dan taman2 kota\n 5. Anjuran untuk anak sekolah jarak dekat memakai sepeda jarak jauh disediakan bis sekolah\n 6. Diadaknnya hukuman sosial untuk anak2 yang melanggar dengan melakukan kerja sosial .misal bersih2 tempat umum,  panti,  menanam pohon";"Lebih diperhatikan lagi pembangunan pembangunan yang merusak lingkungan \n Lakukan penghijauan kembali pada lahan lahan yang tidak terurus";"Lebih detail untuk meneliti perubahan iklim dan lebih sering untuk menginformasikan kepada masyarakat tentang perubahan iklim dan mitigasi terhadap ancaman bencana";"Harusnya ada strategi untuk setiap perubahan iklim yang terjadi, penanggulangan atau hal yg harus dilakukan setiap pergantian iklim\n \n Karna masih banyak rakyat yang kurang paham tentang iklim yang terkadang ekstream";"Mengurangi sampah plastik, penghijauan, pelarangan penebangan hutan";"Menjaga stok pangan, mempersiapkan penanggulangan banjir ,";"Mengurangi polusi udara \n ";"Pada saat iklim di bulan Maret ini sering terjadi hujan lebat.pemerintah harus memperhatikan jalan jalan agar tidak digenangi air...dan bersih kan gorong gorong";"pemerintah harus menerapkan hukum pelestarian alam, pengolahan limbah yang lebih ketat, dan mempertimbangkan kelangsungan hutan bekas sawit. masyarakat harus dihimbau untuk tidak terlalu konsumtif & ikut menjaga lingkungan";"mencegah terjadinya banjir, longsor lebih siaga lagi";"Gak perlu habisin lahan hijau buat ibukota baru";"Semakin tercemarnya udara, semakin mempengaruhi perubahan iklim di bumi";"Reboisasi hutan\n Perbanyak hutan mangrove di pinggir pantai/ laut\n ";"menjaga lingkungan dengan mengurangi polusi";"Melakukan gerakan penghijauan.\n Mendorong masyarakat untuk lebih bijak dalam mengelola sampah.";"Lebih digalakkan untuk penghijauan, agar kadar oksigen dalam setiap kota bisa terjaga dengan baik (mengurangi polusi udara)";"Pemerintah pusat harus lebih memperhatikan daerah yang masih terisolir atau pelosok-pelosok yang rawan banjir.\n ";"Perubahan iklim mengancam kehidupan kita sekarang dan generasi yang akan datang.\n Pemerintah seharusnya segera mengambil langkah yang tegas untuk menanggulangi dampak dari perubahan iklim";"Sandang pangan. Pengaruh sekali. Pemerintah untuk mengambil inisiatif menyejahterahkan petani-petani dalam negeri agar harga maupun kesediaan bahan tetap terkondusif";"pemerintah harus menpromosikan pemurunan enisi karbon dan menghimbau pengurangan kendaraan peribadi";"1.menindak tegas pembalakan liar\n 2.reformasi hukum di segala lembaga penegak hukum\n 3.mengontrol sirkulasi penjualan kendaraan berbahan bakar bensin,solar dan sejenisnya";"Kondisi kesehatan yang utama, kondisi lingkungan sekitar karena saling berhubungan. \n Jadi harus menjaga kebersihan lingkungan agar kesehatan dapat terjaga selain itu harus ada tindakan dari pemerintah untuk aturan tentang kebersihan dan dukungan fasilitas kesehatan juga fasilitas yang mendukung buat menjaga kebersihan lingkungan. Dan adanya peraturan yang menekankan agar kesadaran masyarakat akan pentingnya kebersihan dan kesehatan.";"Masalah lingkungan yang disebabkan perubahan iklim sangat mengkhawatirkan. Hal yang sudah mulai terjadi adalah fenomena es di kutub-kutub bumi meleleh yang menyebabkan permukaan air naik sehingga menyebabkan banjir. \n Sekarang ini sering terjadi cuaca ekstrim. Misalnya saja, musim kemarau yang berkepanjangan.\n Perubahan iklim berdampak sangat buruk bagi Indonesia, khususnya pada sektor keamanan pangan dan sektor perikanan. Kekeringan yang terjadi di Indonesia mengubah pola tanam yang mengakibatkan gagal panen. Selain itu, perubahan iklim juga mengubah arus laut dan menyebabkan pengasaman laut, sehingga menyebabkan menurunnya hasil tangkapan ikan.";"Harus mempunyai sistem manajemen resiko yg terkontrol dan valid, sehingga bisa meminimalisir bencana yg diakibatkan dari perubahan iklim";"Membatasi kendaraan bermotor";"Saya tidak tahu banyak tentang hal ini, namun saya melihat kendala sehari-hari yang sangat mempengaruhi lingkungan, alam dan iklim adalah kurangnya kesadaran masyarakat dalam hal pembuangan sampah dan pemakaian bahan plastik, dan bahan tidak ramah lingkungan yang saya lihat seperti memuncak. Ada beberapa pihak yang memulai gerakan menjaga lingkungan namun masih sangat minoritas. Saya pikir adalah hal baik jika pemerintah membuat undang-undang tentang sampah dan pembuangannya untuk masyarakat umum.";"Menghimbau untuk setiap masyarakat yang tinggal dekat bantaran sungai untuk tidak membuang sampah kesungai karena jika memasuki musim penghujan akan berdampak bencana banjir";"NA";"Pemerintah harus membuat peraturan pemerintah untuk mencegah perubhaan iklim yang lebih buruk beserta hukuman atau denda bagi masyarajat maupun organisasu atau perusahaan yang melanggarnya";"melakukan penghijauan kembali dengan mempertimbangkan ketat atas pelepasan lahan yang sembarangan selama ini dilakukan oleh pemerintahan sebelumnya. lebih memperhatikan dampak jangka panjang terhadap lingkungan.";"Dengan cara adaptasi dan mitigasi";"Menanggulangi dengan sangat cepat"
